% host queue cores
9 4 5756
5 0 64
8 0 32
5 0 64
8 0 32
5 0 64
8 0 32
5 0 64
8 0 32
5 0 64
8 0 32
5 0 64
8 0 32
8 0 32
8 0 32
8 0 32
8 0 32
8 0 32
8 0 22
0 1 12
2 1 32
3 1 32
6 1 16
7 1 32
8 1 32
0 1 12
2 1 32
3 1 32
6 1 16
7 1 32
8 1 32
0 1 12
2 1 32
3 1 32
6 1 16
7 1 32
8 1 32
0 1 12
2 1 32
3 1 32
6 1 16
7 1 32
8 1 32
0 1 12
2 1 32
3 1 32
6 1 16
7 1 32
8 1 32
2 1 32
3 1 32
6 1 16
7 1 32
8 1 32
2 1 32
3 1 32
6 1 16
7 1 32
8 1 32
2 1 32
3 1 32
6 1 16
8 1 32
2 1 18
3 1 32
8 1 32
3 1 32
8 1 32
3 1 32
8 1 32
3 1 32
8 1 32
3 1 32
8 1 32
3 1 32
8 1 32
3 1 32
8 1 10
3 1 32
1 2 64
2 2 32
4 2 64
1 2 64
2 2 32
4 2 64
1 2 64
2 2 32
4 2 64
1 2 64
2 2 32
4 2 64
1 2 64
2 2 14
4 2 64
1 2 64
4 2 64
1 2 64
4 2 64
1 2 64
4 2 64
1 2 64
4 2 64
1 2 64
4 2 64
1 2 64
4 2 64
1 2 64
4 2 64
1 2 64
4 2 64
1 2 64
4 2 42
1 2 64
1 2 64
1 2 64
1 2 64
1 2 64
1 2 64
1 2 64
1 2 64
1 2 64
1 2 64
4 3 64
4 3 64
4 3 64
4 3 64
4 3 64
4 3 64
4 3 64
4 3 64
4 3 64
4 3 64
4 3 64
4 3 64
4 3 22